# chromatogram
0 0.440848
0.008337 0.442141
0.016674 0.160108
0.025012 0.161577
0.033349 0.158854
0.041686 0.159914
0.050023 0.153611
0.05836 0.151092
0.066697 0.15221
0.075035 0.153678
0.083372 0.155059
0.091709 0.156934
0.100046 0.150573
0.108383 0.155475
0.11672 0.152752
0.125058 0.150232
0.133395 0.147858
0.141732 0.149151
0.150069 0.15024
0.158406 0.158605
0.166743 0.178612
0.175081 0.202634
0.183418 0.215452
0.191755 0.228124
0.200092 0.236547
0.208429 0.238247
0.216767 0.231914
0.225104 0.214143
0.233441 0.196807
0.241778 0.179909
0.250115 0.162807
0.258452 0.137702
0.26679 0.10564
0.275127 0.0814056
0.283464 0.0722193
0.291801 0.0829978
0.300138 0.142263
0.308475 0.250626
0.316813 0.345514
0.32515 0.416391
0.333487 0.460375
0.341824 0.470017
0.350161 0.463797
0.358499 0.458916
0.366836 0.445827
0.375173 0.420834
0.38351 0.40434
0.391847 0.376844
0.400184 0.356187
0.408522 0.323422
0.416859 0.305152
0.425196 0.286851
0.433533 0.269918
0.44187 0.267186
0.450207 0.262244
0.458545 0.254274
0.466882 0.247031
0.475219 0.24005
0.483556 0.236822
0.491893 0.236913
0.50023 0.229552
0.508568 0.229962
0.516905 0.222716
0.525242 0.23043
0.533579 0.22758
0.541916 0.224117
0.550254 0.221207
0.558591 0.214425
0.566928 0.204413
0.575265 0.194487
0.583602 0.195387
0.591939 0.196374
0.600277 0.200854
0.608614 0.201288
0.616951 0.202507
0.625288 0.199824
0.633625 0.193941
0.641962 0.18826
0.6503 0.185956
0.658637 0.18691
0.666974 0.18411
0.675311 0.188322
0.683648 0.185666
0.691985 0.183155
0.700323 0.188356
0.70866 0.18951
0.716997 0.190636
0.725334 0.188355
0.733671 0.181912
0.742009 0.175701
0.750346 0.172982
0.758683 0.170466
0.76702 0.178864
0.775357 0.176288
0.783694 0.173945
0.792032 0.175559
0.800369 0.172603
0.808706 0.166271
0.817043 0.1602
0.82538 0.165158
0.833717 0.16284
0.842055 0.160201
0.850392 0.153749
0.858729 0.155125
0.867066 0.160226
0.875403 0.161047
0.883741 0.154709
0.892078 0.163824
0.900415 0.150208
0.908752 0.151842
0.917089 0.145587
0.925426 0.146404
0.933764 0.147599
0.942101 0.148647
0.950438 0.150016
0.958775 0.147628
0.967112 0.152632
0.975449 0.150185
0.983787 0.144216
0.992124 0.134287
1.00046 0.135331
1.0088 0.136488
1.01713 0.129672
1.02547 0.138308
1.03381 0.139523
1.04215 0.144839
1.05048 0.142268
1.05882 0.135884
1.06716 0.126181
1.0755 0.131756
1.08383 0.133169
1.09217 0.126344
1.10051 0.135322
1.10884 0.144182
1.11718 0.148966
1.12552 0.142109
1.13386 0.14698
1.14219 0.140818
1.15053 0.134657
1.15887 0.128726
1.1672 0.12981
1.17554 0.127253
1.18388 0.124755
1.19222 0.121935
1.20055 0.134539
1.20889 0.139837
1.21723 0.134308
1.22557 0.135558
1.2339 0.136633
1.24224 0.130838
1.25058 0.135752
1.25891 0.133274
1.26725 0.134199
1.27559 0.13879
1.28392 0.139859
1.29226 0.133475
1.3006 0.127062
1.30894 0.12091
1.31727 0.118802
1.32561 0.120505
1.33395 0.121684
1.34228 0.126586
1.35062 0.123484
1.35896 0.128762
1.3673 0.137328
1.37563 0.134514
1.38397 0.135948
1.39231 0.126262
1.40064 0.127984
1.40898 0.129559
1.41732 0.123014
1.42566 0.127701
1.43399 0.135908
1.44233 0.137246
1.45067 0.130986
1.45901 0.132234
1.46734 0.126118
1.47568 0.127305
1.48402 0.128841
1.49235 0.130375
1.50069 0.124398
1.50903 0.132682
1.51737 0.133426
1.5257 0.134664
1.53404 0.139597
1.54238 0.137485
1.55071 0.134994
1.55905 0.13576
1.56739 0.13347
1.57573 0.123495
1.58406 0.120911
1.5924 0.121934
1.60074 0.119144
1.60908 0.127615
1.61741 0.128751
1.62575 0.133815
1.63409 0.138819
1.64242 0.136225
1.65076 0.130167
1.6591 0.131412
1.66744 0.136701
1.67577 0.137914
1.68411 0.146344
1.69245 0.151134
1.70078 0.155923
1.70912 0.149912
1.71746 0.151031
1.72579 0.148482
1.73413 0.14206
1.74247 0.139449
1.75081 0.133227
1.75914 0.134076
1.76748 0.138853
1.77582 0.147966
1.78415 0.145289
1.79249 0.142261
1.80083 0.151252
1.80917 0.145398
1.8175 0.146354
1.82584 0.147802
1.83418 0.142759
1.84252 0.156486
1.85085 0.156183
1.85919 0.15291
1.86753 0.157639
1.87586 0.1548
1.8842 0.152075
1.89254 0.145741
1.90088 0.143012
1.90921 0.144299
1.91755 0.141655
1.92589 0.146722
1.93422 0.143289
1.94256 0.14812
1.9509 0.153299
1.95924 0.158417
1.96757 0.159489
1.97591 0.145395
1.98425 0.146755
1.99259 0.151633
2.00092 0.15264
2.00926 0.150472
2.0176 0.158984
2.02593 0.159985
2.03427 0.164594
2.04261 0.165912
2.05095 0.163328
2.05928 0.156929
2.06762 0.161734
2.07596 0.159465
2.08429 0.160513
2.09263 0.161413
2.10097 0.162339
2.1093 0.166961
2.11764 0.172046
2.12598 0.173231
2.13432 0.170716
2.14265 0.168374
2.15099 0.162072
2.15933 0.159436
2.16766 0.160698
2.176 0.15765
2.18434 0.151137
2.19268 0.159262
2.20101 0.160283
2.20935 0.161564
2.21769 0.159148
2.22603 0.156118
2.23436 0.153901
2.2427 0.151595
2.25104 0.15275
2.25937 0.157542
2.26771 0.154473
2.27605 0.154924
2.28439 0.155809
2.29272 0.149417
2.30106 0.14666
2.3094 0.148356
2.31773 0.145886
2.32607 0.150866
2.33441 0.14781
2.34275 0.152814
2.35108 0.149638
2.35942 0.154027
2.36776 0.154981
2.37609 0.14851
2.38443 0.146345
2.39277 0.140364
2.40111 0.141658
2.40944 0.138468
2.41778 0.135713
2.42612 0.139998
2.43445 0.144834
2.44279 0.145652
2.45113 0.143324
2.45947 0.144516
2.4678 0.149082
2.47614 0.146282
2.48448 0.14415
2.49281 0.137737
2.50115 0.13886
2.50949 0.136198
2.51783 0.144476
2.52616 0.149172
2.5345 0.146095
2.54284 0.143511
2.55118 0.144533
2.55951 0.142003
2.56785 0.143661
2.57619 0.141156
2.58452 0.141151
2.59286 0.141668
2.6012 0.142474
2.60954 0.143247
2.61787 0.144601
2.62621 0.142286
2.63455 0.139619
2.64288 0.139919
2.65122 0.137334
2.65956 0.142751
2.6679 0.135419
2.67623 0.132041
2.68457 0.125577
2.69291 0.129995
2.70125 0.127834
2.70958 0.125496
2.71792 0.133631
2.72626 0.138099
2.73459 0.135404
2.74293 0.132591
2.75127 0.129891
2.75961 0.131089
2.76794 0.131673
2.77628 0.136418
2.78462 0.133417
2.79295 0.142144
2.80129 0.143241
2.80963 0.140438
2.81797 0.13379
2.8263 0.13133
2.83464 0.135621
2.84298 0.13662
2.85131 0.137151
2.85965 0.138145
2.86799 0.135266
2.87633 0.128892
2.88466 0.133633
2.893 0.13063
2.90134 0.13164
2.90967 0.128574
2.91801 0.13313
2.92635 0.13393
2.93468 0.134669
2.94302 0.136046
2.95136 0.133461
2.9597 0.134512
2.96803 0.135474
2.97637 0.140332
2.98471 0.145014
2.99305 0.145589
3.00138 0.149945
3.00972 0.161342
3.01806 0.180797
3.02639 0.207323
3.03473 0.223106
3.04307 0.231553
3.05141 0.243809
3.05974 0.241453
3.06808 0.242179
3.07642 0.232047
3.08475 0.21417
3.09309 0.204062
3.10143 0.193515
3.10977 0.183052
3.1181 0.16918
3.12644 0.154899
3.13478 0.14533
3.14311 0.162796
3.15145 0.207441
3.15979 0.299
3.16813 0.417826
3.17646 0.550416
3.1848 0.611029
3.19314 0.630195
3.20147 0.610738
3.20981 0.582051
3.21815 0.550831
3.22649 0.519404
3.23482 0.495337
3.24316 0.46242
3.2515 0.435146
3.25983 0.403969
3.26817 0.3757
3.27651 0.342218
3.28485 0.314031
3.29318 0.294019
3.30152 0.28227
3.30986 0.267548
3.31819 0.262429
3.32653 0.257394
3.33487 0.249009
3.34321 0.240796
3.35154 0.228942
3.35988 0.216676
3.36822 0.215731
3.37656 0.217867
3.38489 0.217089
3.39323 0.220442
3.40157 0.216341
3.4099 0.213139
3.41824 0.206354
3.42658 0.206406
3.43492 0.206339
3.44325 0.206152
3.45159 0.202091
3.45993 0.205769
3.46827 0.1985
3.4766 0.206159
3.48494 0.202902
3.49328 0.195712
3.50161 0.192681
3.50995 0.189909
3.51829 0.190102
3.52663 0.183074
3.53496 0.179827
3.5433 0.17582
3.55164 0.175797
3.55997 0.18037
3.56831 0.181184
3.57665 0.177981
3.58499 0.178993
3.59332 0.175782
3.60166 0.176614
3.61 0.18047
3.61833 0.169391
3.62667 0.16221
3.63501 0.162825
3.64335 0.163117
3.65168 0.159855
3.66002 0.156416
3.66836 0.153788
3.67669 0.150866
3.68503 0.151549
3.69337 0.144662
3.70171 0.148774
3.71004 0.149157
3.71838 0.152912
3.72672 0.152823
3.73505 0.153458
3.74339 0.143002
3.75173 0.135714
3.76007 0.132905
3.7684 0.129831
3.77674 0.126753
3.78508 0.130569
3.79341 0.12702
3.80175 0.135109
3.81009 0.135277
3.81843 0.1362
3.82676 0.137119
3.8351 0.137772
3.84344 0.134407
3.85177 0.127777
3.86011 0.124288
3.86845 0.120563
3.87679 0.124896
3.88512 0.125675
3.89346 0.129593
3.9018 0.122654
3.91013 0.127119
3.91847 0.123838
3.92681 0.116946
3.93515 0.120848
3.94348 0.121487
3.95182 0.117698
3.96016 0.114721
3.96849 0.119162
3.97683 0.127208
3.98517 0.127422
3.99351 0.124256
4.00184 0.121669
4.01018 0.114888
4.01852 0.114943
4.02686 0.111676
4.03519 0.11184
4.04353 0.123264
4.05187 0.127349
4.0602 0.127881
4.06854 0.124538
4.07688 0.117612
4.08522 0.114262
4.09355 0.111112
4.10189 0.108134
4.11023 0.112369
4.11856 0.105018
4.1269 0.109275
4.13524 0.109426
4.14358 0.110096
4.15191 0.114634
4.16025 0.111688
4.16859 0.0973006
4.17692 0.101363
4.18526 0.09826
4.1936 0.0987637
4.20194 0.0989427
4.21027 0.0991181
4.21861 0.0994938
4.22695 0.103359
4.23529 0.100089
4.24362 0.100337
4.25196 0.0935087
4.2603 0.0862699
4.26863 0.0830443
4.27697 0.0835391
4.28531 0.0837691
4.29364 0.0876034
4.30198 0.0876509
4.31032 0.0917406
4.31866 0.0962326
4.32699 0.0968218
4.33533 0.0973493
4.34367 0.0903349
4.35201 0.0910867
4.36034 0.0838318
4.36868 0.087575
4.37702 0.0800504
4.38535 0.076364
4.39369 0.0771547
4.40203 0.0885367
4.41036 0.0848387
4.4187 0.0820389
4.42704 0.0788273
4.43538 0.0756417
4.44371 0.0757983
4.45205 0.079765
4.46039 0.0799139
4.46873 0.0800308
4.47706 0.0804918
4.4854 0.0769049
4.49374 0.0772711
4.50207 0.0777503
4.51041 0.0746456
4.51875 0.067375
4.52709 0.0676974
4.53542 0.0639688
4.54376 0.0754293
4.5521 0.0716938
4.56043 0.0721744
4.56877 0.0722439
4.57711 0.0729195
4.58545 0.073156
4.59378 0.0697785
4.60212 0.073731
4.61046 0.0667366
4.6188 0.059564
4.62713 0.0594304
4.63547 0.0593218
4.64381 0.0518461
4.65214 0.0484113
4.66048 0.0486975
4.66882 0.0448186
4.67715 0.0491137
4.68549 0.0533746
4.69383 0.0498614
4.70217 0.0495161
4.7105 0.0454418
4.71884 0.0456712
4.72718 0.0456916
4.73552 0.0496958
4.74385 0.0540159
4.75219 0.0470108
4.76053 0.0394476
4.76886 0.0391282
4.7772 0.0389786
4.78554 0.0431029
4.79387 0.0392489
4.80221 0.0396398
4.81055 0.0436355
4.81889 0.0549609
4.82722 0.0554841
4.83556 0.0445662
4.8439 0.0412399
4.85224 0.0409365
4.86057 0.0337598
4.86891 0.0334178
4.87725 0.0369436
4.88558 0.0369431
4.89392 0.0256453
4.90226 0.0333483
4.9106 0.0299589
4.91893 0.0228983
4.92727 0.0307043
4.93561 0.0199101
4.94395 0.0275625
4.95228 0.0309036
4.96062 0.0345313
4.96896 0.0266297
4.97729 0.0282398
4.98563 0.0314185
4.99397 0.0272868
5.0023 0.0201238
5.01064 0.0200874
5.01898 0.0162335
5.02732 0.0196523
5.03565 0.0268787
5.04399 0.0302297
5.05233 0.0338963
5.06067 0.0338624
5.069 0.0342892
5.07734 0.0306385
5.08568 0.0270694
5.09401 0.0273961
5.10235 0.0274867
5.11069 0.0275141
5.11902 0.0310016
5.12736 0.0270632
5.1357 0.0193379
5.14404 0.022755
5.15237 0.0231713
5.16071 0.0195092
5.16905 0.0191036
5.17739 0.0154936
5.18572 0.0155462
5.19406 0.0150438
5.2024 0.0150901
5.21073 0.0115255
5.21907 0.0152919
5.22741 0.0118375
5.23575 0.0155103
5.24408 0.0155144
5.25242 0.01179
5.26076 0.011119
5.26909 0.00718567
5.27743 0.010876
5.28577 0.010663
5.29411 0.0107109
5.30244 0.00662379
5.31078 0.00259267
5.31912 0.00633066
5.32745 0.00261583
5.33579 0.0024213
5.34413 0.00231215
5.35247 0.00220146
5.3608 0.00951132
5.36914 0.00197582
5.37748 0.00614002
5.38582 0.00189106
5.39415 -0.00198001
5.40249 0.00156891
5.41083 -0.00204309
5.41916 0.00176707
5.4275 0.00179146
5.43584 -0.0019088
5.44418 0.00160738
5.45251 0.00139706
5.46085 0.00110035
5.46919 -0.00306768
5.47752 -0.00336595
5.48586 -0.00337234
5.4942 0.000462221
5.50253 0.000483821
5.51087 0.00420255
5.51921 0.00393447
5.52755 0.00776971
5.53588 0.00735633
5.54422 0.00330544
5.55256 -0.000744894
5.5609 -0.00485258
5.56923 -0.00503054
5.57757 -0.00858365
5.58591 -0.0119909
5.59424 -0.0156291
5.60258 -0.0158622
5.61092 -0.0197021
5.61926 -0.0122198
5.62759 -0.0204221
5.63593 -0.020329
5.64427 -0.0127264
5.6526 -0.0207791
5.66094 -0.0246681
5.66928 -0.0206404
5.67762 -0.0173658
5.68595 -0.0249752
5.69429 -0.0212605
5.70263 -0.0251697
5.71096 -0.0291057
5.7193 -0.0257914
5.72764 -0.0222427
5.73598 -0.0220385
5.74431 -0.0257607
5.75265 -0.0259582
5.76099 -0.029297
5.76933 -0.029344
5.77766 -0.036809
5.786 -0.036821
5.79434 -0.0365089
5.80267 -0.0327596
5.81101 -0.025486
5.81935 -0.0292681
5.82768 -0.0368597
5.83602 -0.0407808
5.84436 -0.0445522
5.8527 -0.040811
5.86103 -0.0375319
5.86937 -0.0376549
5.87771 -0.041673
5.88605 -0.041438
5.89438 -0.0453608
5.90272 -0.0374914
5.91106 -0.0373317
5.91939 -0.0449955
5.92773 -0.0448839
5.93607 -0.0486976
5.9444 -0.0522727
5.95274 -0.048481
5.96108 -0.0487585
5.96942 -0.052523
5.97775 -0.0447575
5.98609 -0.0406838
5.99443 -0.040679
6.00277 -0.0482359
6.0111 -0.0520324
6.01944 -0.0520704
6.02778 -0.0519558
6.03611 -0.0518657
6.04445 -0.0521478
6.05279 -0.055626
6.06113 -0.0558384
6.06946 -0.0596238
6.0778 -0.0637241
6.08614 -0.0706122
6.09448 -0.0666381
6.10281 -0.0664416
6.11115 -0.0586998
6.11949 -0.0623613
6.12782 -0.0585943
6.13616 -0.0589236
6.1445 -0.0620411
6.15283 -0.0619498
6.16117 -0.0653144
6.16951 -0.0647731
6.17785 -0.0756616
6.18618 -0.0681499
6.19452 -0.0717189
6.20286 -0.0678015
6.2112 -0.0678346
6.21953 -0.0714391
6.22787 -0.063628
6.23621 -0.0633471
6.24454 -0.0632324
6.25288 -0.0627318
6.26122 -0.0624562
6.26956 -0.0658685
6.27789 -0.0693306
6.28623 -0.0729884
6.29457 -0.0726509
6.3029 -0.072799
6.31124 -0.0762855
6.31958 -0.0798514
6.32791 -0.0756956
6.33625 -0.0678059
6.34459 -0.0675034
6.35293 -0.0710339
6.36126 -0.0706264
6.3696 -0.0704998
6.37794 -0.0695208
6.38628 -0.0694926
6.39461 -0.072657
6.40295 -0.0763639
6.41129 -0.0760452
6.41962 -0.0752518
6.42796 -0.0744486
6.4363 -0.0702296
6.44464 -0.0695227
6.45297 -0.0691548
6.46131 -0.0725608
6.46965 -0.0719395
6.47799 -0.071658
6.48632 -0.0715111
6.49466 -0.0710627
6.503 -0.0704299
6.51133 -0.0738013
6.51967 -0.0732631
6.52801 -0.068756
6.53634 -0.072038
6.54468 -0.0754251
6.55302 -0.0710881
6.56136 -0.0704369
6.56969 -0.0660485
6.57803 -0.0722727
6.58637 -0.0756616
6.59471 -0.0788059
6.60304 -0.0743726
6.61138 -0.0773477
6.61972 -0.0764119
6.62805 -0.0722633
6.63639 -0.0677238
6.64473 -0.0711182
6.65306 -0.0701055
6.6614 -0.0692836
6.66974 -0.0720593
6.67808 -0.0675167
6.68641 -0.0703837
6.69475 -0.0660491
6.70309 -0.0652818
6.71143 -0.0613007
6.71976 -0.0603039
6.7281 -0.0595272
6.73644 -0.0658095
6.74477 -0.0612237
6.75311 -0.0639587
6.76145 -0.0595784
6.76979 -0.0664778
6.77812 -0.0655927
6.78646 -0.0646942
6.7948 -0.056622
6.80313 -0.0593342
6.81147 -0.0617704
6.81981 -0.0643389
6.82815 -0.0742855
6.83648 -0.0729839
6.84482 -0.0757713
6.85316 -0.0708034
6.86149 -0.0735631
6.86983 -0.0687695
6.87817 -0.0680074
6.88651 -0.0707528
6.89484 -0.0695834
6.90318 -0.0684272
6.91152 -0.0635614
6.91986 -0.0699145
6.92819 -0.0798027
6.93653 -0.0713988
6.94487 -0.0665886
6.9532 -0.0732881
6.96154 -0.0685354
6.96988 -0.0671711
6.97821 -0.0586324
6.98655 -0.05357
6.99489 -0.048144
7.00323 -0.0540219
7.01156 -0.0565382
7.0199 -0.0517324
7.02824 -0.0503746
7.03658 -0.0489137
7.04491 -0.0474645
7.05325 -0.0462618
7.06159 -0.0484769
7.06992 -0.0505585
7.07826 -0.0454934
7.0866 -0.0479208
7.09494 -0.0464311
7.10327 -0.0413448
7.11161 -0.0357476
7.11995 -0.0342363
7.12828 -0.0366369
7.13662 -0.0350324
7.14496 -0.0294823
7.1533 -0.0318891
7.16163 -0.0341624
7.16997 -0.0357781
7.17831 -0.0341162
7.18664 -0.0325816
7.19498 -0.0310289
7.20332 -0.0254436
7.21166 -0.0275803
7.21999 -0.0293509
7.22833 -0.0318593
7.23667 -0.0336213
7.245 -0.0238411
7.25334 -0.0214345
7.26168 -0.0233744
7.27002 -0.0256747
7.27835 -0.0198064
7.28669 -0.013833
7.29503 -0.0159599
7.30337 -0.014023
7.3117 -0.0155889
7.32004 -0.0170478
7.32838 -0.0185744
7.33671 -0.0167065
7.34505 -0.00745548
7.35339 -0.0166949
7.36172 -0.0145648
7.37006 -0.0089801
7.3784 8.73851e-005
7.38674 -0.00107006
7.39507 -0.00599108
7.40341 -0.00332572
7.41175 -0.00125232
7.42009 -0.00297317
7.42842 -0.000455348
7.43676 -0.00618468
7.4451 0.00352778
7.45343 0.0063897
7.46177 0.0127908
7.47011 0.0186847
7.47845 0.0166204
7.48678 0.0145731
7.49512 0.00599262
7.50346 0.0120957
7.51179 0.0146061
7.52013 0.0167814
7.52847 0.0192336
7.53681 0.0215259
7.54514 0.0201641
7.55348 0.019253
7.56182 0.0256613
7.57015 0.0244856
7.57849 0.030744
7.58683 0.0292444
7.59517 0.03576
7.6035 0.0308503
7.61184 0.0407941
7.62018 0.0435613
7.62852 0.0496861
7.63685 0.0523574
7.64519 0.0512849
7.65353 0.0462352
7.66186 0.0414571
7.6702 0.0443136
7.67854 0.0508457
7.68687 0.0494994
7.69521 0.0484525
7.70355 0.0511095
7.71189 0.0538031
7.72022 0.0493455
7.72856 0.0515585
7.7369 0.0622183
7.74524 0.0692764
7.75357 0.0796297
7.76191 0.0818677
7.77025 0.0881285
7.77858 0.0870301
7.78692 0.0896625
7.79526 0.0882245
7.80359 0.0908366
7.81193 0.0900179
7.82027 0.0887665
7.82861 0.0842002
7.83694 0.0761449
7.84528 0.0750473
7.85362 0.0851869
7.86196 0.0876738
7.87029 0.090482
7.87863 0.104469
7.88697 0.107133
7.8953 0.10651
7.90364 0.108944
7.91198 0.111728
7.92032 0.114947
7.92865 0.117846
7.93699 0.117193
7.94533 0.116161
7.95366 0.118852
7.962 0.113974
7.97034 0.116633
7.97868 0.115622
7.98701 0.125871
7.99535 0.128346
8.00369 0.124037
8.01202 0.122954
8.02036 0.128969
8.0287 0.135242
8.03704 0.14535
8.04537 0.148295
8.05371 0.151206
8.06205 0.153936
8.07038 0.157011
8.07872 0.155654
8.08706 0.154262
8.0954 0.156617
8.10373 0.166911
8.11207 0.165875
8.12041 0.164628
8.12875 0.170912
8.13708 0.170259
8.14542 0.169162
8.15376 0.168025
8.16209 0.170693
8.17043 0.169683
8.17877 0.172157
8.18711 0.174793
8.19544 0.180796
8.20378 0.183412
8.21212 0.185987
8.22045 0.18855
8.22879 0.191043
8.23713 0.193641
8.24547 0.196284
8.2538 0.198915
8.26214 0.197544
8.27048 0.199566
8.27881 0.197994
8.28715 0.196873
8.29549 0.199463
8.30383 0.205531
8.31216 0.208353
8.3205 0.210373
8.32884 0.216656
8.33718 0.219258
8.34551 0.225392
8.35385 0.235352
8.36219 0.237407
8.37052 0.243258
8.37886 0.241553
8.3872 0.247572
8.39554 0.24586
8.40387 0.251784
8.41221 0.250325
8.42055 0.256415
8.42888 0.262339
8.43722 0.260589
8.44556 0.26627
8.45389 0.272075
8.46223 0.263396
8.47057 0.269043
8.47891 0.278336
8.48724 0.28036
8.49558 0.282479
8.50392 0.284459
8.51225 0.29375
8.52059 0.295656
8.52893 0.301118
8.53727 0.30999
8.5456 0.307895
8.55394 0.313577
8.56228 0.319147
8.57062 0.321144
8.57895 0.327162
8.58729 0.332547
8.59563 0.333687
8.60396 0.346591
8.6123 0.344658
8.62064 0.35021
8.62898 0.351258
8.63731 0.356589
8.64565 0.365651
8.65399 0.371052
8.66232 0.380389
8.67066 0.389498
8.679 0.394801
8.68734 0.400023
8.69567 0.412206
8.70401 0.41744
8.71235 0.433828
8.72068 0.439132
8.72902 0.455677
8.73736 0.476012
8.7457 0.492628
8.75403 0.501159
8.76237 0.513597
8.77071 0.522258
8.77904 0.538522
8.78738 0.539629
8.79572 0.54403
8.80406 0.56043
8.81239 0.576604
8.82073 0.589088
8.82907 0.608447
8.83741 0.616957
8.84574 0.632838
8.85408 0.648871
8.86242 0.65711
8.87075 0.669053
8.87909 0.688774
8.88743 0.700877
8.89577 0.712898
8.9041 0.732436
8.91244 0.752098
8.92078 0.778461
8.92911 0.801921
8.93745 0.825008
8.94579 0.848221
8.95412 0.86754
8.96246 0.890185
8.9708 0.90949
8.97914 0.936806
8.98747 0.971726
8.99581 1.00959
9.00415 1.04004
9.01249 1.07036
9.02082 1.10054
9.02916 1.13072
9.0375 1.15765
9.04583 1.188
9.05417 1.21518
9.06251 1.25317
9.07085 1.28316
9.07918 1.3358
9.08752 1.38123
9.09586 1.42259
9.1042 1.46356
9.11253 1.50808
9.12087 1.54223
9.12921 1.58368
9.13754 1.63274
9.14588 1.68952
9.15422 1.74186
9.16255 1.80986
9.17089 1.86212
9.17923 1.93352
9.18757 1.99709
9.1959 2.04906
9.20424 2.10898
9.21258 2.17619
9.22091 2.24367
9.22925 2.29949
9.23759 2.37077
9.24593 2.47157
9.25426 2.56149
9.2626 2.64729
9.27094 2.73272
9.27928 2.83352
9.28761 2.91981
9.29595 3.00207
9.30429 3.0843
9.31262 3.20395
9.32096 3.31949
9.3293 3.44657
9.33764 3.58062
9.34597 3.72565
9.35431 3.84498
9.36265 3.968
9.37098 4.09085
9.37932 4.24042
9.38766 4.36728
9.396 4.50494
9.40433 4.66505
9.41267 4.88143
9.42101 5.05311
9.42934 5.22454
9.43768 5.40352
9.44602 5.6087
9.45436 5.77664
9.46269 5.95934
9.47103 6.14182
9.47937 6.37294
9.48771 6.59662
9.49604 6.8422
9.50438 7.08845
9.51272 7.36502
9.52105 7.59211
9.52939 7.82315
9.53773 8.04677
9.54607 8.32276
9.5544 8.56838
9.56274 8.82207
9.57108 9.11314
9.57941 9.48664
9.58775 9.78448
9.59609 10.0827
9.60443 10.3808
9.61276 10.7165
9.6211 10.9995
9.62944 11.2901
9.63777 11.5809
9.64611 11.9386
9.65445 12.2816
9.66278 12.6471
9.67112 12.9979
9.67946 13.3932
9.6878 13.7206
9.69613 14.0409
9.70447 14.3465
9.71281 14.7116
9.72115 15.0247
9.72948 15.3449
9.73782 15.6949
9.74616 16.12
9.75449 16.4777
9.76283 16.8055
9.77117 17.1181
9.77951 17.4684
9.78784 17.7665
9.79618 18.0416
9.80452 18.3248
9.81285 18.667
9.82119 18.9797
9.82953 19.3074
9.83787 19.6131
9.8462 19.9329
9.85454 20.1855
9.86288 20.4229
9.87121 20.6385
9.87955 20.8839
9.88789 21.092
9.89623 21.3003
9.90456 21.5158
9.9129 21.7681
9.92124 21.9534
9.92957 22.1164
9.93791 22.2568
9.94625 22.4195
9.95459 22.5299
9.96292 22.6399
9.97126 22.7503
9.9796 22.8612
9.98794 22.9493
9.99627 23.037
10.0046 23.1029
10.0129 23.1534
10.0213 23.1665
10.0296 23.1795
10.038 23.1852
10.0463 23.1911
10.0546 23.2048
10.063 23.1957
10.0713 23.1563
10.0796 23.1099
10.088 23.0556
10.0963 22.9789
10.1047 22.8872
10.113 22.7878
10.1213 22.6963
10.1297 22.6124
10.138 22.5355
10.1463 22.4143
10.1547 22.2782
10.163 22.1267
10.1714 21.9752
10.1797 21.7784
10.188 21.6121
10.1964 21.4529
10.2047 21.2937
10.213 21.1273
10.2214 20.9902
10.2297 20.8233
10.238 20.6341
10.2464 20.3929
10.2547 20.1815
10.2631 19.9623
10.2714 19.7581
10.2797 19.5312
10.2881 19.3497
10.2964 19.1755
10.3047 19.0087
10.3131 18.7892
10.3214 18.5706
10.3298 18.3365
10.3381 18.1178
10.3464 17.8539
10.3548 17.6348
10.3631 17.4454
10.3714 17.2635
10.3798 17.0664
10.3881 16.8992
10.3965 16.7027
10.4048 16.4905
10.4131 16.2267
10.4215 16.0068
10.4298 15.8023
10.4381 15.6053
10.4465 15.3937
10.4548 15.2343
10.4632 15.0818
10.4715 14.9224
10.4798 14.7181
10.4882 14.5213
10.4965 14.3245
10.5048 14.1274
10.5132 13.9152
10.5215 13.7475
10.5299 13.595
10.5382 13.4647
10.5465 13.3054
10.5549 13.1757
10.5632 13.0236
10.5715 12.8563
10.5799 12.6666
10.5882 12.4989
10.5965 12.3539
10.6049 12.2163
10.6132 12.0862
10.6216 11.9712
10.6299 11.8635
10.6382 11.7633
10.6466 11.618
10.6549 11.4803
10.6632 11.343
10.6716 11.2279
10.6799 11.0977
10.6883 10.9978
10.6966 10.9127
10.7049 10.8351
10.7133 10.7348
10.7216 10.6497
10.7299 10.5715
10.7383 10.4716
10.7466 10.3563
10.755 10.271
10.7633 10.1855
10.7716 10.1151
10.78 10.0443
10.7883 9.98904
10.7966 9.92624
10.805 9.87106
10.8133 9.78537
10.8217 9.7148
10.83 9.64415
10.8383 9.58126
10.8467 9.5108
10.855 9.47026
10.8633 9.42969
10.8717 9.38904
10.88 9.32562
10.8884 9.27744
10.8967 9.22197
10.905 9.15138
10.9134 9.08844
10.9217 9.0322
10.93 8.97639
10.9384 8.92813
10.9467 8.88725
10.955 8.83891
10.9634 8.79082
10.9717 8.73489
10.9801 8.67131
10.9884 8.60074
10.9967 8.53014
11.0051 8.46743
11.0134 8.39639
11.0217 8.34786
11.0301 8.29201
11.0384 8.23604
11.0468 8.15744
11.0551 8.079
11.0634 7.99307
11.0718 7.90736
11.0801 7.81378
11.0884 7.7281
11.0968 7.66486
11.1051 7.60145
11.1135 7.52313
11.1218 7.45222
11.1301 7.3662
11.1385 7.28805
11.1468 7.17976
11.1551 7.07944
11.1635 7.00102
11.1718 6.91502
11.1802 6.82901
11.1885 6.75012
11.1968 6.67894
11.2052 6.5963
11.2135 6.49953
11.2218 6.42057
11.2302 6.33149
11.2385 6.23789
11.2468 6.13704
11.2552 6.06251
11.2635 5.99158
11.2719 5.92049
11.2802 5.85254
11.2885 5.78518
11.2969 5.72515
11.3052 5.65789
11.3135 5.57927
11.3219 5.50811
11.3302 5.4444
11.3386 5.38798
11.3469 5.33195
11.3552 5.29068
11.3636 5.24918
11.3719 5.21126
11.3802 5.16227
11.3886 5.12874
11.3969 5.08764
11.4053 5.0461
11.4136 5.01607
11.4219 4.9931
11.4303 4.98211
11.4386 4.96261
11.4469 4.95084
11.4553 4.93158
11.4636 4.91616
11.472 4.8894
11.4803 4.86682
11.4886 4.84016
11.497 4.82478
11.5053 4.82098
11.5136 4.80913
11.522 4.79782
11.5303 4.79343
11.5387 4.78554
11.547 4.76966
11.5553 4.74691
11.5637 4.73552
11.572 4.71601
11.5803 4.70423
11.5887 4.68871
11.597 4.68828
11.6053 4.68776
11.6137 4.68703
11.622 4.66769
11.6304 4.65585
11.6387 4.63294
11.647 4.60999
11.6554 4.58308
11.6637 4.57807
11.672 4.5738
11.6804 4.57698
11.6887 4.5764
11.6971 4.57959
11.7054 4.56405
11.7137 4.54862
11.7221 4.53293
11.7304 4.50636
11.7387 4.49062
11.7471 4.48261
11.7554 4.48148
11.7638 4.4883
11.7721 4.4914
11.7804 4.49459
11.7888 4.4863
11.7971 4.47023
11.8054 4.45456
11.8138 4.43169
11.8221 4.41615
11.8305 4.40767
11.8388 4.4066
11.8471 4.41336
11.8555 4.41632
11.8638 4.41546
11.8721 4.40024
11.8805 4.38048
11.8888 4.36437
11.8971 4.34139
11.9055 4.32154
11.9138 4.30969
11.9222 4.30531
11.9305 4.30037
11.9388 4.29554
11.9472 4.28703
11.9555 4.25968
11.9638 4.24752
11.9722 4.22056
11.9805 4.18638
11.9889 4.16284
11.9972 4.14675
12.0055 4.14226
12.0139 4.13392
12.0222 4.12531
12.0305 4.11646
12.0389 4.09296
12.0472 4.06629
12.0556 4.03538
12.0639 3.99719
12.0722 3.96628
12.0806 3.9428
12.0889 3.93774
12.0972 3.92574
12.1056 3.91301
12.1139 3.89693
12.1223 3.86978
12.1306 3.83892
12.1389 3.80463
12.1473 3.7627
12.1556 3.72044
12.1639 3.70437
12.1723 3.68835
12.1806 3.67978
12.1889 3.66689
12.1973 3.64349
12.2056 3.61993
12.214 3.58115
12.2223 3.55024
12.2306 3.51212
12.239 3.48129
12.2473 3.45068
12.2556 3.43844
12.264 3.42561
12.2723 3.40572
12.2807 3.37844
12.289 3.34707
12.2973 3.31215
12.3057 3.27018
12.314 3.2319
12.3223 3.20092
12.3307 3.16964
12.339 3.15683
12.3474 3.14792
12.3557 3.12777
12.364 3.10828
12.3724 3.08826
12.3807 3.04955
12.389 3.01855
12.3974 2.98006
12.4057 2.94887
12.4141 2.91756
12.4224 2.89721
12.4307 2.88865
12.4391 2.87228
12.4474 2.84493
12.4557 2.81743
12.4641 2.78623
12.4724 2.74385
12.4808 2.70213
12.4891 2.66712
12.4974 2.64341
12.5058 2.63433
12.5141 2.61782
12.5224 2.60148
12.5308 2.58563
12.5391 2.554
12.5474 2.51922
12.5558 2.47998
12.5641 2.4339
12.5725 2.40638
12.5808 2.37918
12.5891 2.36271
12.5975 2.34623
12.6058 2.32646
12.6141 2.30593
12.6225 2.27466
12.6308 2.2467
12.6392 2.21565
12.6475 2.17365
12.6558 2.14605
12.6642 2.12948
12.6725 2.1131
12.6808 2.09646
12.6892 2.08375
12.6975 2.06337
12.7059 2.03554
12.7142 1.9967
12.7225 1.96555
12.7309 1.9306
12.7392 1.89941
12.7475 1.87534
12.7559 1.86613
12.7642 1.86112
12.7726 1.8446
12.7809 1.8282
12.7892 1.80405
12.7976 1.77661
12.8059 1.74928
12.8142 1.71039
12.8226 1.68625
12.8309 1.67335
12.8392 1.66052
12.8476 1.65477
12.8559 1.6417
12.8643 1.62552
12.8726 1.60549
12.8809 1.57041
12.8893 1.54651
12.8976 1.51884
12.9059 1.49094
12.9143 1.4784
12.9226 1.46929
12.931 1.46775
12.9393 1.45482
12.9476 1.43843
12.956 1.4186
12.9643 1.39419
12.9726 1.37371
12.981 1.3422
12.9893 1.32567
12.9977 1.31642
13.006 1.31094
13.0143 1.30162
13.0227 1.29247
13.031 1.27954
13.0393 1.25935
13.0477 1.23177
13.056 1.20797
13.0644 1.18385
13.0727 1.16752
13.081 1.15472
13.0894 1.14525
13.0977 1.13616
13.106 1.13825
13.1144 1.12171
13.1227 1.10891
13.1311 1.09629
13.1394 1.06883
13.1477 1.04869
13.1561 1.03196
13.1644 1.03012
13.1727 1.02433
13.1811 1.01562
13.1894 1.00656
13.1977 0.997096
13.2061 0.973248
13.2144 0.956847
13.2228 0.936342
13.2311 0.915746
13.2394 0.902686
13.2478 0.889887
13.2561 0.888317
13.2644 0.882877
13.2728 0.877288
13.2811 0.860347
13.2895 0.843928
13.2978 0.827129
13.3061 0.803312
13.3145 0.7829
13.3228 0.76237
13.3311 0.756943
13.3395 0.751368
13.3478 0.749546
13.3562 0.740243
13.3645 0.719704
13.3728 0.702627
13.3812 0.675275
13.3895 0.650948
13.3978 0.630694
13.4062 0.617859
13.4145 0.608836
13.4229 0.606855
13.4312 0.604872
13.4395 0.591888
13.4479 0.578872
13.4562 0.558435
13.4645 0.538228
13.4729 0.517672
13.4812 0.493651
13.4895 0.488255
13.4979 0.47529
13.5062 0.473211
13.5146 0.467841
13.5229 0.458134
13.5312 0.445196
13.5396 0.424718
13.5479 0.404327
13.5562 0.380123
13.5646 0.359731
13.5729 0.343064
13.5813 0.337571
13.5896 0.339791
13.5979 0.337818
13.6063 0.343267
13.6146 0.330643
13.6229 0.310422
13.6313 0.290025
13.6396 0.262351
13.648 0.245883
13.6563 0.23285
13.6646 0.234541
13.673 0.236262
13.6813 0.234636
13.6896 0.236531
13.698 0.223641
13.7063 0.210577
13.7147 0.190295
13.723 0.169809
13.7313 0.153136
13.7397 0.140507
13.748 0.14185
13.7563 0.147267
13.7647 0.145379
13.773 0.136069
13.7813 0.119833
13.7897 0.107178
13.798 0.0904774
13.8064 0.0774441
13.8147 0.0608612
13.823 0.0549297
13.8314 0.0568861
13.8397 0.0588137
13.848 0.0646429
13.8564 0.0590347
13.8647 0.0534551
13.8731 0.0479352
13.8814 0.0275144
13.8897 0.018067
13.8981 0.00882442
